{
  "bTc(i)":{
    "bTc(1)":[
      [
        0.9979692644559846, 
        0.062856243622466, 
        0.010316968491496915, 
        20.927132825700667
      ], 
      [
        0.06291508994816125, 
        -0.9980038290213653, 
        -0.00548167086820467, 
        734.8171440975026
      ], 
      [
        0.0099518168188561, 
        0.0061196320449674515, 
        -0.9999317533940187, 
        679.1067763731819
      ], 
      [
        0.0, 
        0.0, 
        0.0, 
        1.0
      ]
    ], 
    "bTc(2)":[
      [
        0.9168504118618758, 
        -0.2638171043361781, 
        -0.2996428836605038, 
        228.20243604737527
      ], 
      [
        -0.27897267566714695, 
        -0.960264456952296, 
        -0.008149781912699522, 
        743.232527584309
      ], 
      [
        -0.2855863590926947, 
        0.09106430790263394, 
        -0.9540166263364552, 
        383.11953987426745
      ], 
      [
        0.0, 
        0.0, 
        0.0, 
        1.0
      ]
    ], 
    "bTc(3)":[
      [
        0.9044292173296146, 
        0.36343470586205745, 
        -0.22343456629514707, 
        172.98097066884478
      ], 
      [
        0.41749558704295964, 
        -0.861744201848053, 
        0.2882609328037986, 
        597.9257224598883
      ], 
      [
        -0.08777941467220723, 
        -0.35399455526352536, 
        -0.9311190198914325, 
        453.4675535771598
      ], 
      [
        0.0, 
        0.0, 
        0.0, 
        1.0
      ]
    ], 
    "bTc(4)":[
      [
        0.9304154904811983, 
        -0.3477412511355559, 
        -0.11577148755763937, 
        84.38596368188665
      ], 
      [
        -0.31086199515708385, 
        -0.9160763985431686, 
        0.25331571605238884, 
        653.5908666429594
      ], 
      [
        -0.19414385140814525, 
        -0.1996999105930077, 
        -0.9604312107952112, 
        470.75987057211944
      ], 
      [
        0.0, 
        0.0, 
        0.0, 
        1.0
      ]
    ], 
    "bTc(5)":[
      [
        0.8859704200905252, 
        -0.397361288608424, 
        0.23908245657109783, 
        -115.65058474527619
      ], 
      [
        -0.42323383978254725, 
        -0.9035671311066517, 
        0.06662999659774663, 
        677.6941043699371
      ], 
      [
        0.1895508680738216, 
        -0.16021999219556515, 
        -0.9687104946852345, 
        490.0605915116094
      ], 
      [
        0.0, 
        0.0, 
        0.0, 
        1.0
      ]
    ], 
    "bTc(6)":[
      [
        0.8425215340276124, 
        0.5267699575959323, 
        0.11256498778100617, 
        -81.8352342914628
      ], 
      [
        0.5377462330851004, 
        -0.8103339240833503, 
        -0.23278298967592737, 
        804.4840161089878
      ], 
      [
        -0.031407857337665976, 
        0.2566560797138033, 
        -0.9659923411929296, 
        465.3767878495977
      ], 
      [
        0.0, 
        0.0, 
        0.0, 
        1.0
      ]
    ], 
    "bTc(7)":[
      [
        0.8215827152858758, 
        0.5663370162429574, 
        -0.06530104115947614, 
        -7.637863432167407
      ], 
      [
        0.5664854585753051, 
        -0.8238748736108523, 
        -0.018011603355264208, 
        702.8627089358146
      ], 
      [
        -0.0640005247338931, 
        -0.022194068255400035, 
        -0.9977030400715734, 
        458.71419679071647
      ], 
      [
        0.0, 
        0.0, 
        0.0, 
        1.0
      ]
    ], 
    "bTc(8)":[
      [
        0.8313275236810466, 
        -0.5232612361977422, 
        -0.18732919436956047, 
        110.8904676106984
      ], 
      [
        -0.5508360922532838, 
        -0.8205859435921834, 
        -0.15237555135275868, 
        836.146282179575
      ], 
      [
        -0.07398748435695282, 
        0.22986167116710826, 
        -0.9704068550287517, 
        436.58171647204904
      ], 
      [
        0.0, 
        0.0, 
        0.0, 
        1.0
      ]
    ], 
    "bTc(9)":[
      [
        0.6726391807012162, 
        -0.6026550338219911, 
        -0.4293756429917863, 
        320.55400923334685
      ], 
      [
        -0.6905900112851912, 
        -0.7196807574640367, 
        -0.07172895962656695, 
        848.8804636271673
      ], 
      [
        -0.26578556939517234, 
        0.3447702387750492, 
        -0.9002730216752465, 
        434.38072563481944
      ], 
      [
        0.0, 
        0.0, 
        0.0, 
        1.0
      ]
    ], 
    "bTc(10)":[
      [
        0.7747430133150274, 
        0.6010024824164812, 
        -0.1963906297377199, 
        205.54376845595493
      ], 
      [
        0.6175361164350481, 
        -0.7859320793028373, 
        0.030982440527446597, 
        787.9762210878216
      ], 
      [
        -0.13572917231704412, 
        -0.14528173612655218, 
        -0.980036126339322, 
        409.78895001953
      ], 
      [
        0.0, 
        0.0, 
        0.0, 
        1.0
      ]
    ], 
    "bTc(11)":[
      [
        0.9042390649865616, 
        -0.4195089058637231, 
        0.07977462787911063, 
        -97.26463127462209
      ], 
      [
        -0.41390093859130017, 
        -0.8150540279627301, 
        0.4054293335896773, 
        596.1737725278331
      ], 
      [
        -0.10506058435716761, 
        -0.39962383487818987, 
        -0.9106388220429535, 
        459.3864517807655
      ], 
      [
        0.0, 
        0.0, 
        0.0, 
        1.0
      ]
    ], 
    "bTc(12)":[
      [
        0.6810235644338876, 
        -0.7306050134591248, 
        -0.04922620231293221, 
        67.38682178906667
      ], 
      [
        -0.7290700554716052, 
        -0.6702520811070289, 
        -0.1386326151608158, 
        837.884643141426
      ], 
      [
        0.0682917191202026, 
        0.1303014277745568, 
        -0.9891196990352168, 
        406.3740107042087
      ], 
      [
        0.0, 
        0.0, 
        0.0, 
        1.0
      ]
    ], 
    "bTc(13)":[
      [
        0.9141047832685085, 
        0.3891543949247368, 
        0.1138916244347882, 
        -41.6838009117469
      ], 
      [
        0.39991057509942574, 
        -0.9116451916359037, 
        -0.09473424138494918, 
        762.7145798921655
      ], 
      [
        0.06696250539876253, 
        0.13214348821602015, 
        -0.9889661881949361, 
        406.5203603387211
      ], 
      [
        0.0, 
        0.0, 
        0.0, 
        1.0
      ]
    ], 
    "bTc(14)":[
      [
        0.9022246656117232, 
        -0.3923178776363624, 
        0.1791014674666686, 
        36.21645043220161
      ], 
      [
        -0.36983001871605514, 
        -0.9174539868159572, 
        -0.14664221538147673, 
        766.9643473623878
      ], 
      [
        0.22184771808223852, 
        0.06606712467184482, 
        -0.9728405444980678, 
        392.6877624178148
      ], 
      [
        0.0, 
        0.0, 
        0.0, 
        1.0
      ]
    ], 
    "bTc(15)":[
      [
        0.8969106368702257, 
        0.23788434553365334, 
        -0.3727765384504117, 
        182.13731754500395
      ], 
      [
        0.25232209906270125, 
        -0.9675877929307832, 
        -0.010364424534312515, 
        749.7344009909335
      ], 
      [
        -0.3631595624427898, 
        -0.08476379605327164, 
        -0.9278632609846129, 
        419.1901690191933
      ], 
      [
        0.0, 
        0.0, 
        0.0, 
        1.0
      ]
    ], 
    "bTc(16)":[
      [
        0.8226263406913676, 
        -0.4979315972335889, 
        -0.27449959576862026, 
        232.24966636561578
      ], 
      [
        -0.5684661840882796, 
        -0.7300205052918569, 
        -0.3793629652477054, 
        837.327817191122
      ], 
      [
        -0.011493526388358627, 
        0.46811770563591, 
        -0.8835913719142637, 
        360.3790454594662
      ], 
      [
        0.0, 
        0.0, 
        0.0, 
        1.0
      ]
    ]
  }, 
  "rot_c2p(i)":{
    "rot_c2p(1)":[
      [
        0.9982596108183198, 
        -0.057322069134961774, 
        -0.013853873066524306
      ], 
      [
        0.05724622198038951, 
        0.9983431784094259, 
        -0.005811040555462656
      ], 
      [
        0.014164020538980911, 
        0.005007845190491235, 
        0.9998871446361931
      ]
    ], 
    "rot_c2p(2)":[
      [
        0.9160738640348848, 
        0.2830717318227961, 
        0.2840406137773938
      ], 
      [
        -0.2702556638068967, 
        0.9590986652874367, 
        -0.08421179504173451
      ], 
      [
        -0.2962609522236928, 
        0.00038063985666760697, 
        0.9551069590893003
      ]
    ], 
    "rot_c2p(3)":[
      [
        0.9063073768122352, 
        -0.41384352609074393, 
        0.08567657000898718
      ], 
      [
        0.35893125941215265, 
        0.860766737569126, 
        0.3609002279182008
      ], 
      [
        -0.22310376454137013, 
        -0.29633453968004314, 
        0.928660621992817
      ]
    ], 
    "rot_c2p(4)":[
      [
        0.9276933627297703, 
        0.31356103317736084, 
        0.20264378406424605
      ], 
      [
        -0.3530524912384173, 
        0.9133025494108632, 
        0.20305760677690712
      ], 
      [
        -0.12140413163265103, 
        -0.2599190868565903, 
        0.9579682171711952
      ]
    ], 
    "rot_c2p(5)":[
      [
        0.8844787115972024, 
        0.4281295090869325, 
        -0.18547919608499255
      ], 
      [
        -0.4025327393673507, 
        0.9011980476724957, 
        0.1606532682789203
      ], 
      [
        0.23593389427712472, 
        -0.06743294684547313, 
        0.9694266321960451
      ]
    ], 
    "rot_c2p(6)":[
      [
        0.8459775853583319, 
        -0.5319920358643465, 
        0.036144139887321375
      ], 
      [
        0.5226714565884291, 
        0.8139216169273558, 
        -0.25366542918988516
      ], 
      [
        0.1055294913235931, 
        0.23348677751698615, 
        0.9666164964378154
      ]
    ], 
    "rot_c2p(7)":[
      [
        0.8238340436295921, 
        -0.5627328723630569, 
        0.06803809902502315
      ], 
      [
        0.562167161536894, 
        0.8265143740914909, 
        0.029018475316648328
      ], 
      [
        -0.07256411679657586, 
        0.014342377145183487, 
        0.9972606204856171
      ]
    ], 
    "rot_c2p(8)":[
      [
        0.8292399668900483, 
        0.5545892906585155, 
        0.06922279970556126
      ], 
      [
        -0.528868093310441, 
        0.8186993334298026, 
        -0.22367373855635247
      ], 
      [
        -0.1807197199819935, 
        0.14886947346075236, 
        0.9722027888671931
      ]
    ], 
    "rot_c2p(9)":[
      [
        0.670204992364244, 
        0.6929428457609828, 
        0.2658109868284502
      ], 
      [
        -0.6088023734152663, 
        0.7181372911329084, 
        -0.33710310174815517
      ], 
      [
        -0.42448196467456917, 
        0.06410182207207069, 
        0.9031644468606248
      ]
    ], 
    "rot_c2p(10)":[
      [
        0.7790628030687148, 
        -0.6138812076040646, 
        0.12732247180012046
      ], 
      [
        0.5976393761951427, 
        0.7885350106409015, 
        0.1450507256604881
      ], 
      [
        -0.18944214128804016, 
        -0.03691070229796341, 
        0.9811978776781334
      ]
    ], 
    "rot_c2p(11)":[
      [
        0.9021403464229136, 
        0.4160637848469365, 
        0.11416532877711738
      ], 
      [
        -0.4251465944626338, 
        0.8122463019128471, 
        0.3993824210524654
      ], 
      [
        0.0734381955985437, 
        -0.4088359964187915, 
        0.9096482613952955
      ]
    ], 
    "rot_c2p(12)":[
      [
        0.6769665032045282, 
        0.7322728860625687, 
        -0.07411325034452394
      ], 
      [
        -0.7348077508056139, 
        0.6666597637722401, 
        -0.1249893144358188
      ], 
      [
        -0.042117964041825676, 
        0.13907256992210051, 
        0.9893861214916218
      ]
    ], 
    "rot_c2p(13)":[
      [
        0.9169279789051314, 
        -0.3941664811302763, 
        -0.062256458735831646
      ], 
      [
        0.3843174567090585, 
        0.9142605756936875, 
        -0.1281705590255735
      ], 
      [
        0.10743916404008245, 
        0.09359692775739267, 
        0.9897961614114017
      ]
    ], 
    "rot_c2p(14)":[
      [
        0.8996938670030837, 
        0.37515259385252525, 
        -0.2231848494023723
      ], 
      [
        -0.3978236006887342, 
        0.9151241482341149, 
        -0.06545361757638943
      ], 
      [
        0.17968675079729143, 
        0.14767641871506745, 
        0.972576139406784
      ]
    ], 
    "rot_c2p(15)":[
      [
        0.8993878235866227, 
        -0.24855506773253616, 
        0.35961357189154075
      ], 
      [
        0.233448317460213, 
        0.9685928279448692, 
        0.08561434884852295
      ], 
      [
        -0.36959900684270464, 
        0.006950680415278569, 
        0.929165357825318
      ]
    ], 
    "rot_c2p(16)":[
      [
        0.8201853352806383, 
        0.572072942703026, 
        0.005344531568552607
      ], 
      [
        -0.5054183154151246, 
        0.7289358563314929, 
        -0.46174110039849237
      ], 
      [
        -0.26804541076751254, 
        0.37601205510112756, 
        0.8869986427188612
      ]
    ]
  }, 
  "trans_c2p(i)":{
    "trans_c2p(1)":[
      [
        -25.597233020500525
      ], 
      [
        -69.16529626573329
      ], 
      [
        686.4221310025183
      ]
    ], 
    "trans_c2p(2)":[
      [
        -15.414681716688344
      ], 
      [
        -41.65141704663373
      ], 
      [
        413.3641579236548
      ]
    ], 
    "trans_c2p(3)":[
      [
        -19.364646615835685
      ], 
      [
        -52.32446488231075
      ], 
      [
        519.2874552302966
      ]
    ], 
    "trans_c2p(4)":[
      [
        -19.231888981318868
      ], 
      [
        -51.96574559747477
      ], 
      [
        515.727391596899
      ]
    ], 
    "trans_c2p(5)":[
      [
        -19.440578156000747
      ], 
      [
        -52.529636568923266
      ], 
      [
        521.3236553761741
      ]
    ], 
    "trans_c2p(6)":[
      [
        -17.93289423109541
      ], 
      [
        -48.45578197465345
      ], 
      [
        480.89320682796904
      ]
    ], 
    "trans_c2p(7)":[
      [
        -17.638042217276432
      ], 
      [
        -47.659073718178824
      ], 
      [
        472.9863776994491
      ]
    ], 
    "trans_c2p(8)":[
      [
        -16.806240411880623
      ], 
      [
        -45.411494135710036
      ], 
      [
        450.6805617788669
      ]
    ], 
    "trans_c2p(9)":[
      [
        -17.98044284800399
      ], 
      [
        -48.58426125883522
      ], 
      [
        482.16828304102967
      ]
    ], 
    "trans_c2p(10)":[
      [
        -16.339806903772857
      ], 
      [
        -44.15116214003294
      ], 
      [
        438.1725581852795
      ]
    ], 
    "trans_c2p(11)":[
      [
        -20.227458054034585
      ], 
      [
        -54.65583439778517
      ], 
      [
        542.4248336175428
      ]
    ], 
    "trans_c2p(12)":[
      [
        -15.44333965725409
      ], 
      [
        -41.72885256273066
      ], 
      [
        414.1326567929477
      ]
    ], 
    "trans_c2p(13)":[
      [
        -15.494194870391162
      ], 
      [
        -41.86626647307267
      ], 
      [
        415.49640355988066
      ]
    ], 
    "trans_c2p(14)":[
      [
        -15.21085124311459
      ], 
      [
        -41.100654584088566
      ], 
      [
        407.89818635080184
      ]
    ], 
    "trans_c2p(15)":[
      [
        -17.653567812519075
      ], 
      [
        -47.7010248303869
      ], 
      [
        473.4027161436474
      ]
    ], 
    "trans_c2p(16)":[
      [
        -14.87944920936719
      ], 
      [
        -40.20518592820502
      ], 
      [
        399.0112222777213
      ]
    ]
  }, 
  "bTp(i)":{
    "bTp(1)":[
      [
        0.9999768217733548, 
        0.005598104650257611, 
        -0.0038751955286556042, 
        -1.883794198756501
      ], 
      [
        0.005596001974050073, 
        -0.9999841892247011, 
        -0.0005532291774051814, 
        798.4711821893853
      ], 
      [
        -0.0038782312936410652, 
        0.000531530752706331, 
        -0.999992338369195, 
        -7.946513786142077
      ], 
      [
        0.0, 
        0.0, 
        0.0, 
        1.0
      ]
    ], 
    "bTp(2)":[
      [
        0.9999732522325853, 
        0.00639374523507219, 
        -0.003551737779567146, 
        101.19620672131146
      ], 
      [
        0.00637179343512978, 
        -0.99996073955007, 
        -0.006157889808768427, 
        784.1603502213459
      ], 
      [
        -0.0035909703153678037, 
        0.006135094159497145, 
        -0.9999747324566992, 
        -10.627474154941297
      ], 
      [
        0.0, 
        0.0, 
        0.0, 
        1.0
      ]
    ], 
    "bTp(3)":[
      [
        0.999988041028615, 
        0.0047517090367811265, 
        0.0011571780253684105, 
        20.423724640435864
      ], 
      [
        0.004760299384412636, 
        -0.9999602619431961, 
        -0.007537511808615782, 
        784.62165841826
      ], 
      [
        0.0011213159783859117, 
        0.0075429301815699845, 
        -0.9999709230046395, 
        -9.82847975810239
      ], 
      [
        0.0, 
        0.0, 
        0.0, 
        1.0
      ]
    ], 
    "bTp(4)":[
      [
        0.9999663270348991, 
        0.004240290612089803, 
        0.00702600397505912, 
        24.85642235331659
      ], 
      [
        0.004284870501978788, 
        -0.9999707082243889, 
        -0.006342127245225149, 
        837.8157765870761
      ], 
      [
        0.00699890570830769, 
        0.006372019204175294, 
        -0.9999552053417926, 
        -10.449504833144488
      ], 
      [
        0.0, 
        0.0, 
        0.0, 
        1.0
      ]
    ], 
    "bTp(5)":[
      [
        0.9999805587291498, 
        0.00508682891871709, 
        0.003606429714936202, 
        12.638222332168795
      ], 
      [
        0.00509430574443237, 
        -0.9999848875683217, 
        -0.002067047157872398, 
        768.1218613071903
      ], 
      [
        0.0035958604977540942, 
        0.0020853792274627414, 
        -0.9999913604530573, 
        -10.2197850831771
      ], 
      [
        0.0, 
        0.0, 
        0.0, 
        1.0
      ]
    ], 
    "bTp(6)":[
      [
        0.9999608798941442, 
        0.0068171457465600604, 
        0.005636062916506535, 
        -68.33739611410695
      ], 
      [
        0.006817376887923943, 
        -0.9999767611785377, 
        -2.1800198630211876e-05, 
        722.1622753396922
      ], 
      [
        0.005635783325915217, 
        6.022251087078878e-05, 
        -0.9999841170336413, 
        -11.035604135347512
      ], 
      [
        0.0, 
        0.0, 
        0.0, 
        1.0
      ]
    ], 
    "bTp(7)":[
      [
        0.9999623957823544, 
        0.00481751108794759, 
        0.007211006041562338, 
        -80.00657457384409
      ], 
      [
        0.0048416029256422854, 
        -0.9999827439564752, 
        -0.003327261695112625, 
        723.6168848103994
      ], 
      [
        0.007194852488019255, 
        0.0033620494039881266, 
        -0.9999684648635072, 
        -10.999157460190702
      ], 
      [
        0.0, 
        0.0, 
        0.0, 
        1.0
      ]
    ], 
    "bTp(8)":[
      [
        0.9999602600541404, 
        0.004764117848802374, 
        -0.0075353495988702696, 
        36.255425389683424
      ], 
      [
        0.004743687455562973, 
        -0.9999850308108205, 
        -0.0027268266549154707, 
        813.9951006537813
      ], 
      [
        -0.007548227724334708, 
        0.0026909729476066457, 
        -0.9999678909459121, 
        -9.956700589028685
      ], 
      [
        0.0, 
        0.0, 
        0.0, 
        1.0
      ]
    ], 
    "bTp(9)":[
      [
        0.9999661684277956, 
        0.005787693499760216, 
        -0.005845049510898703, 
        130.70789193859244
      ], 
      [
        0.005754129711535494, 
        -0.9999669543271694, 
        -0.005742842929015113, 
        861.6773064926111
      ], 
      [
        -0.00587809417199614, 
        0.005709015466553863, 
        -0.9999664270120808, 
        -11.673836609077739
      ], 
      [
        0.0, 
        0.0, 
        0.0, 
        1.0
      ]
    ], 
    "bTp(10)":[
      [
        0.9999608737206462, 
        0.005560238339205881, 
        -0.006880027431114599, 
        80.29667453481316
      ], 
      [
        0.005526080383908838, 
        -0.9999723610511331, 
        -0.004973888761555911, 
        826.1612700782545
      ], 
      [
        -0.006907493281375562, 
        0.0049356745671677305, 
        -0.9999639621772042, 
        -11.003840617984224
      ], 
      [
        0.0, 
        0.0, 
        0.0, 
        1.0
      ]
    ], 
    "bTp(11)":[
      [
        0.9999618307368028, 
        0.002861830899555551, 
        0.008255119224069157, 
        -49.354740490945545
      ], 
      [
        0.0028947068674283205, 
        -0.9999879167094359, 
        -0.003973299293248966, 
        869.0083331953448
      ], 
      [
        0.00824364856437354, 
        0.003997043785651466, 
        -0.9999580320690069, 
        -10.599777047831594
      ], 
      [
        0.0, 
        0.0, 
        0.0, 
        1.0
      ]
    ], 
    "bTp(12)":[
      [
        0.999957675100829, 
        0.004784110857981416, 
        -0.007858771547934462, 
        66.97067450946619
      ], 
      [
        0.0047893416476613715, 
        -0.9999883217860899, 
        0.0006469142304112718, 
        819.7004766796828
      ], 
      [
        -0.007855584862126161, 
        -0.000684525191705504, 
        -0.999968910122577, 
        -9.744739425955345
      ], 
      [
        0.0, 
        0.0, 
        0.0, 
        1.0
      ]
    ], 
    "bTp(13)":[
      [
        0.9999634996749747, 
        0.006138961476711613, 
        0.005942429617917813, 
        -24.81799980450512
      ], 
      [
        0.006149866197782128, 
        -0.9999794358342076, 
        -0.0018185308487940754, 
        755.323731443349
      ], 
      [
        0.00593114352598479, 
        0.001855009618867795, 
        -0.9999806900514562, 
        -10.961418696590272
      ], 
      [
        0.0, 
        0.0, 
        0.0, 
        1.0
      ]
    ], 
    "bTp(14)":[
      [
        0.9999814697577478, 
        0.0059014232350641516, 
        -0.001494437999644667, 
        111.672530584029
      ], 
      [
        0.005901385617273991, 
        -0.9999825862347819, 
        -2.9580281169977463e-05, 
        750.4826424746657
      ], 
      [
        -0.0014945865416113036, 
        2.0760478123750536e-05, 
        -0.9999988828894114, 
        -10.222026000348365
      ], 
      [
        0.0, 
        0.0, 
        0.0, 
        1.0
      ]
    ], 
    "bTp(15)":[
      [
        0.9999820442468927, 
        0.004890336281862001, 
        -0.0034634946016209103, 
        -21.517108094867098
      ], 
      [
        0.004884362278456844, 
        -0.9999865728653337, 
        -0.001731211765517271, 
        786.5283983148942
      ], 
      [
        -0.0034719143045216436, 
        0.0017142637179230202, 
        -0.9999925035273847, 
        -9.608437038220927
      ], 
      [
        0.0, 
        0.0, 
        0.0, 
        1.0
      ]
    ], 
    "bTp(16)":[
      [
        0.9999481670197127, 
        0.004426919110970873, 
        -0.009168732796878076, 
        130.50045273493794
      ], 
      [
        0.004404608060760484, 
        -0.9999872931150584, 
        -0.0024521493121062443, 
        723.76681060078
      ], 
      [
        -0.009179471757498836, 
        0.002411637535515543, 
        -0.9999549596370075, 
        -10.833569891337163
      ], 
      [
        0.0, 
        0.0, 
        0.0, 
        1.0
      ]
    ]
  }, 
  "T_Spitze":[
    [
      1.0, 
      0.0, 
      0.0, 
      0.0
    ], 
    [
      0.0, 
      1.0, 
      0.0, 
      0.0
    ], 
    [
      0.0, 
      0.0, 
      1.0, 
      112.0
    ], 
    [
      0.0, 
      0.0, 
      0.0, 
      1.0
    ]
  ]
}